model_name,task_name,avg_test_crps,avg_test_mae,avg_test_mape,avg_test_mase,avg_test_quantile_score,avg_test_rmse,avg_test_weighted_interval_score,best_params
arima,absent_binary_univariate_binary,NA,0.8575060007723169,241.28107311139667,2.035981197370974,NA,1.2148304135467463,NA,"[(('d', 1), ('p', 1), ('q', 1), ('s', 2)), (('d', 1), ('p', 1), ('q', 1), ('s', 2)), (('d', 1), ('p', 1), ('q', 1), ('s', 2)), (('d', 1), ('p', 1), ('q', 1), ('s', 2)), (('d', 1), ('p', 1), ('q', 2), ('s', 2)), (('d', 1), ('p', 1), ('q', 2), ('s', 2)), (('d', 1), ('p', 1), ('q', 2), ('s', 2)), (('d', 1), ('p', 1), ('q', 1), ('s', 2)), (('d', 1), ('p', 2), ('q', 1), ('s', 2)), (('d', 1), ('p', 2), ('q', 1), ('s', 2)), (('d', 1), ('p', 2), ('q', 1), ('s', 2)), (('d', 1), ('p', 1), ('q', 1), ('s', 2)), (('d', 1), ('p', 2), ('q', 2), ('s', 2)), (('d', 1), ('p', 2), ('q', 2), ('s', 2)), (('d', 1), ('p', 2), ('q', 2), ('s', 2)), (('d', 1), ('p', 1), ('q', 1), ('s', 2))]"
arima,chickenpox_dense_univariate_dense,NA,1.0688391776948933,471.37706759568806,1.6918876040411064,NA,1.2668479372868324,NA,"[(('d', 1), ('p', 1), ('q', 1), ('s', 2)), (('d', 1), ('p', 1), ('q', 1), ('s', 2)), (('d', 1), ('p', 1), ('q', 1), ('s', 2)), (('d', 1), ('p', 1), ('q', 1), ('s', 2)), (('d', 1), ('p', 1), ('q', 1), ('s', 2)), (('d', 1), ('p', 1), ('q', 1), ('s', 2)), (('d', 1), ('p', 1), ('q', 2), ('s', 2)), (('d', 1), ('p', 1), ('q', 2), ('s', 2)), (('d', 1), ('p', 1), ('q', 2), ('s', 2)), (('d', 1), ('p', 1), ('q', 2), ('s', 2)), (('d', 1), ('p', 2), ('q', 1), ('s', 2)), (('d', 1), ('p', 1), ('q', 2), ('s', 2)), (('d', 1), ('p', 1), ('q', 2), ('s', 2)), (('d', 1), ('p', 1), ('q', 2), ('s', 2)), (('d', 1), ('p', 2), ('q', 2), ('s', 2)), (('d', 1), ('p', 2), ('q', 2), ('s', 2))]"
arima,coinbase_days_univariate_days,NA,0.10907167434265813,12.252553549078803,3.5070846989431805,NA,0.12926083964146898,NA,"[(('d', 1), ('p', 1), ('q', 1), ('s', 2)), (('d', 1), ('p', 1), ('q', 1), ('s', 2)), (('d', 1), ('p', 1), ('q', 1), ('s', 2)), (('d', 1), ('p', 1), ('q', 1), ('s', 2)), (('d', 1), ('p', 1), ('q', 1), ('s', 2)), (('d', 1), ('p', 1), ('q', 1), ('s', 2)), (('d', 1), ('p', 1), ('q', 1), ('s', 2)), (('d', 1), ('p', 1), ('q', 1), ('s', 2)), (('d', 1), ('p', 1), ('q', 1), ('s', 2)), (('d', 1), ('p', 1), ('q', 1), ('s', 2)), (('d', 1), ('p', 1), ('q', 1), ('s', 2)), (('d', 1), ('p', 1), ('q', 1), ('s', 2)), (('d', 1), ('p', 1), ('q', 1), ('s', 2)), (('d', 1), ('p', 1), ('q', 1), ('s', 2)), (('d', 1), ('p', 1), ('q', 1), ('s', 2)), (('d', 1), ('p', 2), ('q', 2), ('s', 2))]"
arima,coinbase_economics_univariate_economics,NA,0.10907167434265813,12.252553549078803,3.5070846989431805,NA,0.12926083964146898,NA,"[(('d', 1), ('p', 1), ('q', 1), ('s', 2)), (('d', 1), ('p', 1), ('q', 1), ('s', 2)), (('d', 1), ('p', 1), ('q', 1), ('s', 2)), (('d', 1), ('p', 1), ('q', 1), ('s', 2)), (('d', 1), ('p', 1), ('q', 1), ('s', 2)), (('d', 1), ('p', 1), ('q', 1), ('s', 2)), (('d', 1), ('p', 1), ('q', 1), ('s', 2)), (('d', 1), ('p', 1), ('q', 1), ('s', 2)), (('d', 1), ('p', 1), ('q', 1), ('s', 2)), (('d', 1), ('p', 1), ('q', 1), ('s', 2)), (('d', 1), ('p', 1), ('q', 1), ('s', 2)), (('d', 1), ('p', 1), ('q', 1), ('s', 2)), (('d', 1), ('p', 1), ('q', 1), ('s', 2)), (('d', 1), ('p', 1), ('q', 1), ('s', 2)), (('d', 1), ('p', 1), ('q', 1), ('s', 2)), (('d', 1), ('p', 2), ('q', 2), ('s', 2))]"
arima,delhi_climate_univariate_climate,NA,0.624214010269568,147.58865908415217,1.4274426463458858,NA,0.7669331170599939,NA,"[(('d', 1), ('p', 1), ('q', 1), ('s', 2)), (('d', 1), ('p', 1), ('q', 1), ('s', 2)), (('d', 1), ('p', 1), ('q', 1), ('s', 2)), (('d', 1), ('p', 1), ('q', 1), ('s', 2)), (('d', 1), ('p', 1), ('q', 1), ('s', 2)), (('d', 1), ('p', 1), ('q', 2), ('s', 2)), (('d', 1), ('p', 1), ('q', 1), ('s', 2)), (('d', 1), ('p', 1), ('q', 1), ('s', 2)), (('d', 1), ('p', 1), ('q', 1), ('s', 2)), (('d', 1), ('p', 2), ('q', 1), ('s', 2)), (('d', 1), ('p', 1), ('q', 1), ('s', 2)), (('d', 1), ('p', 2), ('q', 1), ('s', 2)), (('d', 1), ('p', 2), ('q', 1), ('s', 2)), (('d', 1), ('p', 2), ('q', 2), ('s', 2)), (('d', 1), ('p', 2), ('q', 1), ('s', 2)), (('d', 1), ('p', 2), ('q', 1), ('s', 2))]"
arima,electricity_energy_univariate_energy,NA,1.0070455252559767,115.66632245268652,17.68158107638985,NA,1.0225811878452853,NA,"[(('d', 1), ('p', 1), ('q', 1), ('s', 2)), (('d', 1), ('p', 1), ('q', 1), ('s', 2)), (('d', 1), ('p', 1), ('q', 1), ('s', 2)), (('d', 1), ('p', 1), ('q', 1), ('s', 2)), (('d', 1), ('p', 1), ('q', 2), ('s', 2)), (('d', 1), ('p', 1), ('q', 2), ('s', 2)), (('d', 1), ('p', 1), ('q', 1), ('s', 2)), (('d', 1), ('p', 1), ('q', 1), ('s', 2)), (('d', 1), ('p', 2), ('q', 1), ('s', 2)), (('d', 1), ('p', 2), ('q', 1), ('s', 2)), (('d', 1), ('p', 1), ('q', 1), ('s', 2)), (('d', 1), ('p', 1), ('q', 1), ('s', 2)), (('d', 1), ('p', 2), ('q', 2), ('s', 2)), (('d', 1), ('p', 2), ('q', 2), ('s', 2)), (('d', 1), ('p', 1), ('q', 1), ('s', 2)), (('d', 1), ('p', 1), ('q', 1), ('s', 2))]"
arima,employees_healthcare_univariate_healthcare,NA,0.49083753829548066,44.518859109316196,21.190902347223883,NA,0.5072777425786582,NA,"[(('d', 1), ('p', 1), ('q', 1), ('s', 2)), (('d', 1), ('p', 1), ('q', 1), ('s', 2)), (('d', 1), ('p', 1), ('q', 1), ('s', 2)), (('d', 1), ('p', 1), ('q', 1), ('s', 2)), (('d', 1), ('p', 1), ('q', 1), ('s', 2)), (('d', 1), ('p', 1), ('q', 1), ('s', 2)), (('d', 1), ('p', 1), ('q', 1), ('s', 2)), (('d', 1), ('p', 1), ('q', 2), ('s', 2)), (('d', 1), ('p', 2), ('q', 1), ('s', 2)), (('d', 1), ('p', 1), ('q', 2), ('s', 2)), (('d', 1), ('p', 1), ('q', 2), ('s', 2)), (('d', 1), ('p', 1), ('q', 2), ('s', 2)), (('d', 1), ('p', 1), ('q', 2), ('s', 2)), (('d', 1), ('p', 1), ('q', 2), ('s', 2)), (('d', 1), ('p', 1), ('q', 2), ('s', 2)), (('d', 1), ('p', 1), ('q', 2), ('s', 2))]"
arima,federalfuns_weeks_univariate_weeks,NA,1.5650048607647722,72.81569450152539,16.028650499378386,NA,1.6882121634736358,NA,"[(('d', 1), ('p', 1), ('q', 1), ('s', 2)), (('d', 1), ('p', 1), ('q', 1), ('s', 2)), (('d', 1), ('p', 1), ('q', 1), ('s', 2)), (('d', 1), ('p', 1), ('q', 1), ('s', 2)), (('d', 1), ('p', 1), ('q', 2), ('s', 2)), (('d', 1), ('p', 1), ('q', 2), ('s', 2)), (('d', 1), ('p', 1), ('q', 2), ('s', 2)), (('d', 1), ('p', 1), ('q', 2), ('s', 2)), (('d', 1), ('p', 2), ('q', 1), ('s', 2)), (('d', 1), ('p', 2), ('q', 1), ('s', 2)), (('d', 1), ('p', 2), ('q', 1), ('s', 2)), (('d', 1), ('p', 1), ('q', 2), ('s', 2)), (('d', 1), ('p', 2), ('q', 2), ('s', 2)), (('d', 1), ('p', 2), ('q', 2), ('s', 2)), (('d', 1), ('p', 2), ('q', 2), ('s', 2)), (('d', 1), ('p', 1), ('q', 2), ('s', 2))]"
arima,forestfires_continuous_univariate_continuous,NA,0.7830801150535437,115.58914196337459,0.888228275748873,NA,1.0013592525515895,NA,"[(('d', 1), ('p', 1), ('q', 1), ('s', 2)), (('d', 1), ('p', 1), ('q', 1), ('s', 2)), (('d', 1), ('p', 1), ('q', 1), ('s', 2)), (('d', 1), ('p', 1), ('q', 1), ('s', 2)), (('d', 1), ('p', 1), ('q', 2), ('s', 2)), (('d', 1), ('p', 1), ('q', 1), ('s', 2)), (('d', 1), ('p', 1), ('q', 1), ('s', 2)), (('d', 1), ('p', 1), ('q', 2), ('s', 2)), (('d', 1), ('p', 2), ('q', 1), ('s', 2)), (('d', 1), ('p', 1), ('q', 2), ('s', 2)), (('d', 1), ('p', 2), ('q', 1), ('s', 2)), (('d', 1), ('p', 2), ('q', 1), ('s', 2)), (('d', 1), ('p', 2), ('q', 2), ('s', 2)), (('d', 1), ('p', 2), ('q', 1), ('s', 2)), (('d', 1), ('p', 2), ('q', 1), ('s', 2)), (('d', 1), ('p', 2), ('q', 1), ('s', 2))]"
arima,german_quaterly_univariate_quaterly,NA,0.6946409362091882,164.0783324250653,9.888463336410204,NA,0.7549386806972375,NA,"[(('d', 1), ('p', 1), ('q', 1), ('s', 2)), (('d', 1), ('p', 1), ('q', 1), ('s', 2)), (('d', 1), ('p', 1), ('q', 1), ('s', 2)), (('d', 1), ('p', 1), ('q', 1), ('s', 2)), (('d', 1), ('p', 1), ('q', 2), ('s', 2)), (('d', 1), ('p', 1), ('q', 2), ('s', 2)), (('d', 1), ('p', 1), ('q', 1), ('s', 2)), (('d', 1), ('p', 1), ('q', 1), ('s', 2)), (('d', 1), ('p', 2), ('q', 1), ('s', 2)), (('d', 1), ('p', 2), ('q', 1), ('s', 2)), (('d', 1), ('p', 1), ('q', 1), ('s', 2)), (('d', 1), ('p', 1), ('q', 1), ('s', 2)), (('d', 1), ('p', 2), ('q', 2), ('s', 2)), (('d', 1), ('p', 2), ('q', 2), ('s', 2)), (('d', 1), ('p', 1), ('q', 1), ('s', 2)), (('d', 1), ('p', 2), ('q', 2), ('s', 2))]"
arima,germanhouses_sales_univariate_sales,NA,0.6946409362091882,164.0783324250653,9.888463336410204,NA,0.7549386806972375,NA,"[(('d', 1), ('p', 1), ('q', 1), ('s', 2)), (('d', 1), ('p', 1), ('q', 1), ('s', 2)), (('d', 1), ('p', 1), ('q', 1), ('s', 2)), (('d', 1), ('p', 1), ('q', 1), ('s', 2)), (('d', 1), ('p', 1), ('q', 2), ('s', 2)), (('d', 1), ('p', 1), ('q', 2), ('s', 2)), (('d', 1), ('p', 1), ('q', 1), ('s', 2)), (('d', 1), ('p', 1), ('q', 1), ('s', 2)), (('d', 1), ('p', 2), ('q', 1), ('s', 2)), (('d', 1), ('p', 2), ('q', 1), ('s', 2)), (('d', 1), ('p', 1), ('q', 1), ('s', 2)), (('d', 1), ('p', 1), ('q', 1), ('s', 2)), (('d', 1), ('p', 2), ('q', 2), ('s', 2)), (('d', 1), ('p', 2), ('q', 2), ('s', 2)), (('d', 1), ('p', 1), ('q', 1), ('s', 2)), (('d', 1), ('p', 2), ('q', 2), ('s', 2))]"
arima,inventories_months_univariate_months,NA,1.5932478154390097,240.9454001637628,9.324724448650299,NA,1.7425707748080839,NA,"[(('d', 1), ('p', 1), ('q', 1), ('s', 2)), (('d', 1), ('p', 1), ('q', 1), ('s', 2)), (('d', 1), ('p', 1), ('q', 1), ('s', 2)), (('d', 1), ('p', 1), ('q', 1), ('s', 2)), (('d', 1), ('p', 1), ('q', 2), ('s', 2)), (('d', 1), ('p', 1), ('q', 2), ('s', 2)), (('d', 1), ('p', 1), ('q', 2), ('s', 2)), (('d', 1), ('p', 1), ('q', 2), ('s', 2)), (('d', 1), ('p', 2), ('q', 1), ('s', 2)), (('d', 1), ('p', 2), ('q', 1), ('s', 2)), (('d', 1), ('p', 2), ('q', 1), ('s', 2)), (('d', 1), ('p', 1), ('q', 2), ('s', 2)), (('d', 1), ('p', 2), ('q', 2), ('s', 2)), (('d', 1), ('p', 2), ('q', 2), ('s', 2)), (('d', 1), ('p', 2), ('q', 2), ('s', 2)), (('d', 1), ('p', 1), ('q', 2), ('s', 2))]"
arima,invetories_manufacturing_univariate_manufacturing,NA,1.5932478154390097,240.9454001637628,9.324724448650299,NA,1.7425707748080839,NA,"[(('d', 1), ('p', 1), ('q', 1), ('s', 2)), (('d', 1), ('p', 1), ('q', 1), ('s', 2)), (('d', 1), ('p', 1), ('q', 1), ('s', 2)), (('d', 1), ('p', 1), ('q', 1), ('s', 2)), (('d', 1), ('p', 1), ('q', 2), ('s', 2)), (('d', 1), ('p', 1), ('q', 2), ('s', 2)), (('d', 1), ('p', 1), ('q', 2), ('s', 2)), (('d', 1), ('p', 1), ('q', 2), ('s', 2)), (('d', 1), ('p', 2), ('q', 1), ('s', 2)), (('d', 1), ('p', 2), ('q', 1), ('s', 2)), (('d', 1), ('p', 2), ('q', 1), ('s', 2)), (('d', 1), ('p', 1), ('q', 2), ('s', 2)), (('d', 1), ('p', 2), ('q', 2), ('s', 2)), (('d', 1), ('p', 2), ('q', 2), ('s', 2)), (('d', 1), ('p', 2), ('q', 2), ('s', 2)), (('d', 1), ('p', 1), ('q', 2), ('s', 2))]"
arima,madrid_transport_univariate_transport,NA,1.394280625225181,179.11853868289984,2.004413316677382,NA,2.165328606369038,NA,"[(('d', 1), ('p', 1), ('q', 1), ('s', 2)), (('d', 1), ('p', 1), ('q', 1), ('s', 2)), (('d', 1), ('p', 1), ('q', 1), ('s', 2)), (('d', 1), ('p', 1), ('q', 1), ('s', 2)), (('d', 1), ('p', 1), ('q', 1), ('s', 2)), (('d', 1), ('p', 1), ('q', 1), ('s', 2)), (('d', 1), ('p', 1), ('q', 1), ('s', 2)), (('d', 1), ('p', 1), ('q', 1), ('s', 2)), (('d', 1), ('p', 1), ('q', 1), ('s', 2)), (('d', 1), ('p', 1), ('q', 1), ('s', 2)), (('d', 1), ('p', 1), ('q', 1), ('s', 2)), (('d', 1), ('p', 1), ('q', 1), ('s', 2)), (('d', 1), ('p', 1), ('q', 1), ('s', 2)), (('d', 1), ('p', 1), ('q', 1), ('s', 2)), (('d', 1), ('p', 1), ('q', 1), ('s', 2)), (('d', 1), ('p', 1), ('q', 1), ('s', 2))]"
arima,occupancy_count_univariate_count,NA,0.0,0.0,0.0,NA,0.0,NA,"[(('d', 1), ('p', 1), ('q', 1), ('s', 2)), (('d', 1), ('p', 1), ('q', 1), ('s', 2)), (('d', 1), ('p', 1), ('q', 1), ('s', 2)), (('d', 1), ('p', 1), ('q', 1), ('s', 2)), (('d', 1), ('p', 1), ('q', 1), ('s', 2)), (('d', 1), ('p', 1), ('q', 1), ('s', 2)), (('d', 1), ('p', 1), ('q', 1), ('s', 2)), (('d', 1), ('p', 1), ('q', 1), ('s', 2)), (('d', 1), ('p', 1), ('q', 1), ('s', 2)), (('d', 1), ('p', 1), ('q', 1), ('s', 2)), (('d', 1), ('p', 1), ('q', 1), ('s', 2)), (('d', 1), ('p', 1), ('q', 1), ('s', 2)), (('d', 1), ('p', 1), ('q', 1), ('s', 2)), (('d', 1), ('p', 1), ('q', 1), ('s', 2)), (('d', 1), ('p', 1), ('q', 1), ('s', 2)), (('d', 1), ('p', 1), ('q', 1), ('s', 2))]"
arima,patient_sparse_univariate_sparse,NA,0.0,0.0,0.0,NA,0.0,NA,"[(('d', 1), ('p', 1), ('q', 1), ('s', 2)), (('d', 1), ('p', 1), ('q', 1), ('s', 2)), (('d', 1), ('p', 1), ('q', 1), ('s', 2)), (('d', 1), ('p', 1), ('q', 1), ('s', 2)), (('d', 1), ('p', 1), ('q', 1), ('s', 2)), (('d', 1), ('p', 1), ('q', 1), ('s', 2)), (('d', 1), ('p', 1), ('q', 1), ('s', 2)), (('d', 1), ('p', 1), ('q', 1), ('s', 2)), (('d', 1), ('p', 1), ('q', 1), ('s', 2)), (('d', 1), ('p', 1), ('q', 1), ('s', 2)), (('d', 1), ('p', 1), ('q', 1), ('s', 2)), (('d', 1), ('p', 1), ('q', 1), ('s', 2)), (('d', 1), ('p', 1), ('q', 1), ('s', 2)), (('d', 1), ('p', 1), ('q', 1), ('s', 2)), (('d', 1), ('p', 1), ('q', 1), ('s', 2)), (('d', 1), ('p', 1), ('q', 1), ('s', 2))]"
arima,pconsumption_years_univariate_years,NA,0.41840371704561347,59.90910433407915,11.747861098381225,NA,0.4184970679886734,NA,"[(('d', 1), ('p', 1), ('q', 1), ('s', 2)), (('d', 1), ('p', 1), ('q', 1), ('s', 2)), (('d', 1), ('p', 1), ('q', 1), ('s', 2)), (('d', 1), ('p', 1), ('q', 1), ('s', 2)), (('d', 1), ('p', 1), ('q', 2), ('s', 2)), (('d', 1), ('p', 1), ('q', 1), ('s', 2)), (('d', 1), ('p', 1), ('q', 1), ('s', 2)), (('d', 1), ('p', 1), ('q', 1), ('s', 2)), (('d', 1), ('p', 2), ('q', 1), ('s', 2)), (('d', 1), ('p', 1), ('q', 1), ('s', 2)), (('d', 1), ('p', 1), ('q', 1), ('s', 2)), (('d', 1), ('p', 1), ('q', 1), ('s', 2)), (('d', 1), ('p', 2), ('q', 2), ('s', 2)), (('d', 1), ('p', 1), ('q', 1), ('s', 2)), (('d', 1), ('p', 1), ('q', 1), ('s', 2)), (('d', 1), ('p', 1), ('q', 1), ('s', 2))]"
arima,retail_categorical_univariate_categorical,NA,0.01952589029436235,5.729093706323232,195258902.94362342,NA,0.01970611110003556,NA,"[(('d', 1), ('p', 1), ('q', 1), ('s', 2)), (('d', 1), ('p', 1), ('q', 1), ('s', 2)), (('d', 1), ('p', 1), ('q', 1), ('s', 2)), (('d', 1), ('p', 1), ('q', 1), ('s', 2)), (('d', 1), ('p', 1), ('q', 1), ('s', 2)), (('d', 1), ('p', 1), ('q', 1), ('s', 2)), (('d', 1), ('p', 1), ('q', 1), ('s', 2)), (('d', 1), ('p', 1), ('q', 2), ('s', 2)), (('d', 1), ('p', 1), ('q', 2), ('s', 2)), (('d', 1), ('p', 1), ('q', 2), ('s', 2)), (('d', 1), ('p', 1), ('q', 2), ('s', 2)), (('d', 1), ('p', 1), ('q', 2), ('s', 2)), (('d', 1), ('p', 1), ('q', 2), ('s', 2)), (('d', 1), ('p', 1), ('q', 2), ('s', 2)), (('d', 1), ('p', 1), ('q', 2), ('s', 2)), (('d', 1), ('p', 1), ('q', 2), ('s', 2))]"
arima,software_nonstationary_univariate_nonstationary,NA,0.6689345934061346,100.22334891452981,90.8189083025847,NA,0.6790280644425032,NA,"[(('d', 1), ('p', 1), ('q', 1), ('s', 2)), (('d', 1), ('p', 1), ('q', 1), ('s', 2)), (('d', 1), ('p', 1), ('q', 1), ('s', 2)), (('d', 1), ('p', 1), ('q', 1), ('s', 2)), (('d', 1), ('p', 1), ('q', 2), ('s', 2)), (('d', 1), ('p', 1), ('q', 2), ('s', 2)), (('d', 1), ('p', 1), ('q', 1), ('s', 2)), (('d', 1), ('p', 1), ('q', 1), ('s', 2)), (('d', 1), ('p', 2), ('q', 1), ('s', 2)), (('d', 1), ('p', 2), ('q', 1), ('s', 2)), (('d', 1), ('p', 1), ('q', 1), ('s', 2)), (('d', 1), ('p', 1), ('q', 1), ('s', 2)), (('d', 1), ('p', 2), ('q', 2), ('s', 2)), (('d', 1), ('p', 2), ('q', 2), ('s', 2)), (('d', 1), ('p', 1), ('q', 1), ('s', 2)), (('d', 1), ('p', 1), ('q', 1), ('s', 2))]"
arima,soil_nature_univariate_nature,NA,0.027318014836605776,6.482152385095455,64.00468957960277,NA,0.027318014943137195,NA,"[(('d', 1), ('p', 1), ('q', 1), ('s', 2)), (('d', 1), ('p', 1), ('q', 1), ('s', 2)), (('d', 1), ('p', 1), ('q', 1), ('s', 2)), (('d', 1), ('p', 1), ('q', 1), ('s', 2)), (('d', 1), ('p', 1), ('q', 1), ('s', 2)), (('d', 1), ('p', 1), ('q', 1), ('s', 2)), (('d', 1), ('p', 1), ('q', 1), ('s', 2)), (('d', 1), ('p', 1), ('q', 2), ('s', 2)), (('d', 1), ('p', 1), ('q', 2), ('s', 2)), (('d', 1), ('p', 1), ('q', 2), ('s', 2)), (('d', 1), ('p', 1), ('q', 2), ('s', 2)), (('d', 1), ('p', 1), ('q', 2), ('s', 2)), (('d', 1), ('p', 2), ('q', 2), ('s', 2)), (('d', 1), ('p', 1), ('q', 2), ('s', 2)), (('d', 1), ('p', 1), ('q', 2), ('s', 2)), (('d', 1), ('p', 1), ('q', 2), ('s', 2))]"
arima,swjobpostings_software_univariate_software,NA,0.6689345934061346,100.22334891452981,90.8189083025847,NA,0.6790280644425032,NA,"[(('d', 1), ('p', 1), ('q', 1), ('s', 2)), (('d', 1), ('p', 1), ('q', 1), ('s', 2)), (('d', 1), ('p', 1), ('q', 1), ('s', 2)), (('d', 1), ('p', 1), ('q', 1), ('s', 2)), (('d', 1), ('p', 1), ('q', 2), ('s', 2)), (('d', 1), ('p', 1), ('q', 2), ('s', 2)), (('d', 1), ('p', 1), ('q', 1), ('s', 2)), (('d', 1), ('p', 1), ('q', 1), ('s', 2)), (('d', 1), ('p', 2), ('q', 1), ('s', 2)), (('d', 1), ('p', 2), ('q', 1), ('s', 2)), (('d', 1), ('p', 1), ('q', 1), ('s', 2)), (('d', 1), ('p', 1), ('q', 1), ('s', 2)), (('d', 1), ('p', 2), ('q', 2), ('s', 2)), (('d', 1), ('p', 2), ('q', 2), ('s', 2)), (('d', 1), ('p', 1), ('q', 1), ('s', 2)), (('d', 1), ('p', 1), ('q', 1), ('s', 2))]"
arima,synthetic_additive2_univariate_additive2,NA,0.11233673682765401,53.39922038414166,13.702375525493547,NA,0.11468721302502688,NA,"[(('d', 1), ('p', 1), ('q', 1), ('s', 2)), (('d', 1), ('p', 1), ('q', 1), ('s', 2)), (('d', 1), ('p', 1), ('q', 1), ('s', 2)), (('d', 1), ('p', 1), ('q', 1), ('s', 2)), (('d', 1), ('p', 1), ('q', 1), ('s', 2)), (('d', 1), ('p', 1), ('q', 1), ('s', 2)), (('d', 1), ('p', 1), ('q', 1), ('s', 2)), (('d', 1), ('p', 1), ('q', 1), ('s', 2)), (('d', 1), ('p', 1), ('q', 1), ('s', 2)), (('d', 1), ('p', 1), ('q', 1), ('s', 2)), (('d', 1), ('p', 1), ('q', 1), ('s', 2)), (('d', 1), ('p', 1), ('q', 1), ('s', 2)), (('d', 1), ('p', 1), ('q', 1), ('s', 2)), (('d', 1), ('p', 1), ('q', 1), ('s', 2)), (('d', 1), ('p', 1), ('q', 1), ('s', 2)), (('d', 1), ('p', 1), ('q', 1), ('s', 2))]"
arima,synthetic_cyclic_univariate_cyclic,NA,0.6527739316657392,302.8392709167451,1.0464421276382605,NA,0.8726945698726088,NA,"[(('d', 1), ('p', 1), ('q', 1), ('s', 2)), (('d', 1), ('p', 1), ('q', 1), ('s', 2)), (('d', 1), ('p', 1), ('q', 1), ('s', 2)), (('d', 1), ('p', 1), ('q', 1), ('s', 2)), (('d', 1), ('p', 1), ('q', 1), ('s', 2)), (('d', 1), ('p', 1), ('q', 1), ('s', 2)), (('d', 1), ('p', 1), ('q', 1), ('s', 2)), (('d', 1), ('p', 1), ('q', 1), ('s', 2)), (('d', 1), ('p', 1), ('q', 1), ('s', 2)), (('d', 1), ('p', 1), ('q', 1), ('s', 2)), (('d', 1), ('p', 1), ('q', 1), ('s', 2)), (('d', 1), ('p', 2), ('q', 1), ('s', 2)), (('d', 1), ('p', 2), ('q', 1), ('s', 2)), (('d', 1), ('p', 2), ('q', 1), ('s', 2)), (('d', 1), ('p', 2), ('q', 1), ('s', 2)), (('d', 1), ('p', 2), ('q', 1), ('s', 2))]"
arima,synthetic_multiplticative_univariate_multiplticative,NA,3.433206160705687e-07,0.011976551736994275,1.091469191808456,NA,3.9557743257996537e-07,NA,"[(('d', 1), ('p', 1), ('q', 1), ('s', 2)), (('d', 1), ('p', 1), ('q', 1), ('s', 2)), (('d', 1), ('p', 1), ('q', 1), ('s', 2)), (('d', 1), ('p', 1), ('q', 1), ('s', 2)), (('d', 1), ('p', 1), ('q', 2), ('s', 2)), (('d', 1), ('p', 1), ('q', 2), ('s', 2)), (('d', 1), ('p', 1), ('q', 2), ('s', 2)), (('d', 1), ('p', 1), ('q', 1), ('s', 2)), (('d', 1), ('p', 2), ('q', 1), ('s', 2)), (('d', 1), ('p', 2), ('q', 1), ('s', 2)), (('d', 1), ('p', 2), ('q', 1), ('s', 2)), (('d', 1), ('p', 1), ('q', 1), ('s', 2)), (('d', 1), ('p', 2), ('q', 2), ('s', 2)), (('d', 1), ('p', 2), ('q', 2), ('s', 2)), (('d', 1), ('p', 2), ('q', 2), ('s', 2)), (('d', 1), ('p', 2), ('q', 2), ('s', 2))]"
arima,synthetic_nonstationary_univariate_nonstationary,NA,0.6478316519566094,96.5966451405683,0.8480450357078629,NA,0.8450038279869947,NA,"[(('d', 1), ('p', 1), ('q', 1), ('s', 2)), (('d', 1), ('p', 1), ('q', 1), ('s', 2)), (('d', 1), ('p', 1), ('q', 1), ('s', 2)), (('d', 1), ('p', 1), ('q', 1), ('s', 2)), (('d', 1), ('p', 1), ('q', 1), ('s', 2)), (('d', 1), ('p', 1), ('q', 1), ('s', 2)), (('d', 1), ('p', 1), ('q', 1), ('s', 2)), (('d', 1), ('p', 1), ('q', 2), ('s', 2)), (('d', 1), ('p', 1), ('q', 2), ('s', 2)), (('d', 1), ('p', 1), ('q', 2), ('s', 2)), (('d', 1), ('p', 1), ('q', 2), ('s', 2)), (('d', 1), ('p', 1), ('q', 2), ('s', 2)), (('d', 1), ('p', 1), ('q', 2), ('s', 2)), (('d', 1), ('p', 1), ('q', 2), ('s', 2)), (('d', 1), ('p', 1), ('q', 2), ('s', 2)), (('d', 1), ('p', 1), ('q', 2), ('s', 2))]"
arima,wtraffic_web_univariate_web,NA,0.15663626828068408,25.4281151806802,18.215538086258785,NA,0.16286391602584696,NA,"[(('d', 1), ('p', 1), ('q', 1), ('s', 2)), (('d', 1), ('p', 1), ('q', 1), ('s', 2)), (('d', 1), ('p', 1), ('q', 1), ('s', 2)), (('d', 1), ('p', 1), ('q', 1), ('s', 2)), (('d', 1), ('p', 1), ('q', 1), ('s', 2)), (('d', 1), ('p', 1), ('q', 1), ('s', 2)), (('d', 1), ('p', 1), ('q', 1), ('s', 2)), (('d', 1), ('p', 1), ('q', 1), ('s', 2)), (('d', 1), ('p', 1), ('q', 1), ('s', 2)), (('d', 1), ('p', 1), ('q', 1), ('s', 2)), (('d', 1), ('p', 1), ('q', 1), ('s', 2)), (('d', 1), ('p', 1), ('q', 1), ('s', 2)), (('d', 1), ('p', 1), ('q', 1), ('s', 2)), (('d', 1), ('p', 1), ('q', 1), ('s', 2)), (('d', 1), ('p', 1), ('q', 1), ('s', 2)), (('d', 1), ('p', 1), ('q', 1), ('s', 2))]"
